[55, 13, 1, 2, 0, 0.3065359876415521]
[27, 21, 0, 1, 0, 0.12969723032406688]
[51, 32, 0, 0, 0, 0.03796058010357239]
[15, 41, 2, 0, 0, -0.2274098386671126]
[10, 22, 2, 0, 0, -0.2337274159183326]
[45, 46, 0, 1, 0, -0.06068874536346131]
[62, 61, 1, 2, 0, -0.0963020827188714]
[15, 18, 1, 2, 0, 0.057095837319261156]
[55, 0, 2, 0, 0, 0.19427545228739745]
[46, 38, 1, 1, 0, 0.04793814780594879]
[39, 53, 1, 1, 0, -0.08746764847063412]
[44, 2, 1, 1, 0, 0.23355827806849958]
[7, 18, 1, 2, 0, 0.040732895155085935]
[16, 37, 0, 2, 0, -0.07781454341448653]
[47, 31, 0, 1, 0, 0.03511654303540453]
[7, 44, 1, 2, 0, -0.17203901428444862]
[13, 9, 1, 1, 0, -0.02368516981708483]
[24, 0, 2, 0, 0, 0.039199254461295095]
[21, 20, 0, 0, 0, -0.012837558781129405]
[25, 26, 1, 2, 0, 0.10734592050207781]
[21, 12, 0, 0, 0, 0.02951976400695935]
[14, 11, 2, 1, 0, -0.1446363282656786]
[53, 13, 1, 2, 0, 0.3206701716002319]
[4, 34, 2, 2, 0, -0.2876939004723622]
[9, 51, 1, 0, 0, -0.1845295015692271]
[4, 33, 2, 1, 0, -0.3604657665234819]
[20, 23, 2, 0, 0, -0.1587996724862157]
[1, 22, 1, 1, 0, -0.0895976015492096]
[32, 21, 1, 2, 0, 0.21063740423017438]
[55, 11, 2, 2, 0, 0.30846955131455356]
[9, 2, 2, 1, 0, -0.10228231163948782]
[10, 17, 0, 2, 0, 0.07951773618993209]
[60, 35, 1, 2, 0, 0.0859907233963462]
[1, 31, 0, 0, 0, -0.07264260580665467]
[58, 37, 2, 2, 0, 0.11992664060870169]
[21, 54, 0, 2, 0, -0.15510256392351712]
[33, 46, 0, 2, 0, -0.07560077680393477]
[20, 50, 0, 1, 0, -0.1263233209898169]
[42, 62, 1, 2, 0, -0.10734406834197593]
[23, 22, 2, 1, 0, -0.11213561804603807]
[21, 44, 0, 1, 0, -0.1098538420298906]
[38, 46, 1, 1, 0, -0.07756897209904927]
[57, 24, 2, 1, 0, 0.1453202681047892]
[39, 49, 0, 2, 0, -0.12847519878967803]
[4, 37, 1, 2, 0, -0.16995809872270093]
[38, 37, 2, 0, 0, -0.027115077030430042]
[21, 44, 2, 2, 0, -0.22062877906758108]
[24, 28, 2, 2, 0, 0.028823541736308755]
[50, 20, 1, 1, 0, 0.19314262068808494]
[55, 57, 0, 2, 0, -0.13387322600960608]
[57, 23, 1, 1, 0, 0.1601568434100127]
[27, 8, 0, 0, 0, 0.10288820749684584]
[51, 16, 2, 2, 0, 0.18356178540883303]
[7, 8, 1, 2, 0, 0.09220448937588471]
[9, 39, 1, 2, 0, -0.14594439671211035]
[58, 42, 0, 0, 0, -0.0752177003538858]
[36, 46, 2, 0, 0, -0.08883593184614899]
[14, 60, 2, 2, 0, -0.24186250281910457]
[33, 35, 0, 2, 0, 0.04351363932686956]
[13, 5, 0, 1, 0, 0.17042910428223365]
[6, 2, 2, 2, 0, 0.027678648121995962]
[38, 1, 1, 2, 0, 0.3108223667952562]
[21, 33, 2, 2, 0, -0.18779704154377197]
[41, 27, 1, 1, 0, 0.1317269594563686]
[17, 32, 0, 1, 0, -0.11076061223002268]
[49, 31, 2, 0, 0, 0.13875355195252262]
[15, 2, 2, 0, 0, -0.13399872236294147]
[10, 6, 2, 2, 0, 0.022923412299967662]
[48, 62, 0, 1, 0, -0.08127432189740542]
[0, 46, 2, 0, 0, -0.2705821441357001]
[40, 44, 1, 1, 0, 0.01311863186565088]
[34, 40, 0, 2, 0, -0.08796938429705851]
[36, 13, 2, 2, 0, 0.23464691102344085]
[10, 39, 0, 1, 0, -0.10501096138923752]
[12, 21, 1, 2, 0, 0.036942398180641205]
[9, 50, 1, 0, 0, -0.18227992077599925]
[32, 12, 2, 0, 0, 0.08421106571798485]
[10, 48, 2, 1, 0, -0.3177967158341979]
[10, 49, 0, 2, 0, -0.17861354728972556]
[49, 54, 0, 0, 0, 0.00819615839189009]
[34, 2, 2, 2, 0, 0.29877100491382935]
[6, 9, 2, 2, 0, -0.06433224445165084]
[62, 27, 1, 2, 0, 0.19199411506023584]
[45, 8, 1, 0, 0, 0.13800108875756775]
[56, 57, 1, 2, 0, -0.12572616539202752]
[18, 24, 2, 0, 0, -0.18026451269612687]
[52, 31, 1, 1, 0, 0.09510306796346643]
[12, 56, 1, 0, 0, -0.15107762902576308]
[2, 57, 2, 0, 0, -0.3017584394426969]
[40, 24, 1, 2, 0, 0.1246693586270668]
[58, 37, 0, 1, 0, 0.01035384773420104]
[57, 2, 1, 0, 0, 0.1680874822410141]
[53, 39, 2, 0, 0, 0.08935685816194382]
[56, 20, 1, 1, 0, 0.18629059617054214]
[18, 24, 0, 2, 0, 0.010635797805138862]
[37, 43, 2, 1, 0, -0.07978918433636441]
[32, 4, 0, 1, 0, 0.18245925074603778]
[51, 25, 2, 1, 0, 0.08757617426876146]
[52, 21, 0, 2, 0, 0.21073486386082527]
[6, 45, 0, 1, 0, -0.16653216631054263]
[18, 44, 0, 0, 0, -0.12168388188841808]
[52, 25, 1, 0, 0, 0.07999006113183914]
[50, 38, 1, 1, 0, 0.06127698017323193]
[56, 28, 1, 1, 0, 0.14287305873069914]
[61, 20, 0, 1, 0, 0.11569260752426494]
[45, 6, 1, 1, 0, 0.23978654013094322]
[5, 50, 0, 0, 0, -0.1468368510600238]
[32, 8, 1, 2, 0, 0.24867943471204512]
[53, 2, 2, 1, 0, 0.2206167955433793]
[60, 11, 2, 2, 0, 0.2652815131724391]
[1, 50, 0, 0, 0, -0.1681191364422624]
[13, 29, 1, 0, 0, -0.19254496128279674]
[62, 46, 0, 1, 0, -0.10897201847196143]
[48, 4, 2, 2, 0, 0.33824431386489473]
[36, 45, 2, 0, 0, -0.11287813228449198]
[30, 59, 0, 2, 0, -0.08437381488189263]
[23, 16, 1, 0, 0, -0.03314342525799292]
[35, 1, 0, 1, 0, 0.20382019544695548]
[19, 47, 2, 0, 0, -0.2199657579515337]
[55, 20, 0, 1, 0, 0.12630561753817868]
[12, 26, 2, 0, 0, -0.2986152608673766]
[1, 21, 1, 0, 90, 0.13176283365721506]
[14, 17, 2, 0, 90, -0.2620523374330821]
[17, 22, 0, 1, 90, 0.1795958781728325]
[22, 1, 0, 1, 90, -0.1629706536814091]
[52, 60, 0, 1, 90, 0.017990493409412153]
[9, 29, 2, 0, 90, 0.16084183660283738]
[56, 28, 0, 1, 90, 0.04908844014320038]
[30, 60, 0, 2, 90, -0.011585634872900676]
[1, 32, 0, 0, 90, 0.015413897302778916]
[48, 30, 2, 0, 90, 0.16886058174358443]
[22, 43, 2, 1, 90, -0.3061947337467038]
[38, 46, 1, 1, 90, -0.023377079161257804]
[62, 55, 1, 2, 90, 0.24780603325034423]
[55, 2, 0, 0, 90, -0.12775275521694848]
[48, 28, 2, 1, 90, 0.15509899684932413]
[38, 28, 0, 1, 90, -0.0450235393335825]
[34, 24, 0, 2, 90, -0.047659440016787985]
[26, 3, 1, 2, 90, 0.04404213725581691]
[31, 28, 2, 2, 90, -0.26774556283850615]
[8, 14, 2, 1, 90, 0.20799846208934591]
[45, 36, 2, 1, 90, -0.2028657934861286]
[54, 14, 2, 1, 90, -0.1645071205154701]
[11, 25, 1, 2, 90, -0.06571816736568022]
[53, 27, 0, 1, 90, -0.07316758213721299]
[6, 54, 0, 1, 90, 0.06421767041381428]
[62, 8, 1, 0, 90, -0.1545716654888943]
[48, 47, 2, 0, 90, 0.1791501341969479]
[46, 12, 0, 1, 90, -0.051752225711285495]
[60, 10, 0, 0, 90, -0.07834620393764641]
[49, 22, 2, 2, 90, 0.29952286991402033]
[31, 47, 2, 2, 90, -0.016091456652067536]
[16, 21, 1, 1, 90, 0.1307846360372052]
[25, 18, 2, 2, 90, 0.03795587078524409]
[46, 17, 1, 2, 90, -0.19550934481984375]
[55, 6, 2, 0, 90, -0.2104769579126881]
[38, 62, 2, 1, 90, -0.20871791880684398]
[37, 13, 0, 0, 90, 0.0007270745623647015]
[5, 28, 0, 2, 90, 0.037338265436361935]
[2, 21, 1, 1, 90, 0.13522092964664292]
[40, 59, 0, 0, 90, 0.017408119322299295]
[46, 13, 1, 1, 90, -0.08087313869030241]
[57, 2, 1, 2, 90, -0.014828405500184511]
[59, 31, 1, 1, 90, 0.21972710799362935]
[60, 51, 0, 2, 90, -0.060655491606328604]
[43, 53, 2, 0, 90, 0.03848402320730279]
[3, 10, 2, 2, 90, -0.15183608984653316]
[37, 58, 1, 0, 90, -0.14975130213828727]
[26, 21, 1, 1, 90, 0.17054126011573673]
[60, 37, 0, 1, 90, 0.09947697842154837]
[62, 57, 0, 2, 90, -0.20437735529253914]
[22, 20, 1, 2, 90, -0.06016143122444039]
[34, 1, 0, 0, 90, 0.01868994020302208]
[15, 0, 2, 1, 90, -0.31040917236908677]
[1, 52, 2, 1, 90, 0.15523579220897418]
[23, 11, 0, 1, 90, -0.1453146125045527]
[13, 3, 1, 1, 90, -0.10941947142149096]
[37, 48, 2, 0, 90, -0.20736291961897088]
[54, 33, 0, 2, 90, -0.1218740211124481]
[34, 59, 1, 1, 90, 0.0475211406897172]
[13, 1, 2, 0, 90, -0.18556251118010295]
[5, 49, 2, 1, 90, -0.22678797108771925]
[40, 10, 1, 0, 90, 0.037455526122534]
[22, 14, 0, 0, 90, 0.01975171299077937]
[52, 41, 0, 2, 90, -0.10529013126713163]
[5, 49, 1, 0, 90, -0.1263760131744556]
[48, 20, 2, 2, 90, 0.19008757007752863]
[62, 3, 2, 2, 90, -0.21981201345974155]
[21, 10, 0, 1, 90, -0.13960265304435548]
[47, 60, 2, 0, 90, -0.29301117178285213]
[2, 29, 2, 0, 90, 0.12566874244821322]
[29, 40, 0, 1, 90, -0.11958509695761106]
[33, 19, 1, 0, 90, 0.028657602630321775]
[24, 47, 0, 0, 90, 0.09929869426828135]
[18, 44, 0, 2, 90, 0.14841504961551147]
[17, 45, 2, 1, 90, 0.17357682138245006]
[0, 23, 0, 0, 90, 0.0780964166942965]
[47, 9, 0, 2, 90, -0.1803031989122473]
[49, 33, 1, 0, 90, 0.08145789713565703]
[56, 32, 2, 0, 90, 0.13765122734529095]
[54, 12, 1, 1, 90, -0.11240484349285748]
[21, 5, 0, 2, 90, 0.10692639835361532]
[49, 44, 2, 2, 90, 0.18154703514958737]
[3, 13, 1, 1, 90, 0.0951506618055516]
[60, 61, 2, 1, 90, 0.0324046128091033]
[12, 1, 1, 1, 90, -0.08370614931371659]
[30, 6, 0, 2, 90, 0.16434709791405977]
[7, 30, 1, 1, 90, -0.01930811822583734]
[22, 37, 1, 1, 90, -0.06654521075049247]
[22, 58, 1, 2, 90, -0.20372047139044877]
[13, 33, 0, 1, 90, -0.11919612407851578]
[28, 31, 2, 2, 90, 0.2482315562256928]
[4, 32, 1, 0, 90, -0.05361136573211421]
[46, 0, 0, 0, 90, -0.0905085934853654]
[5, 2, 1, 0, 90, -0.10673210207490431]
[15, 7, 1, 1, 90, 0.03677357024324712]
[22, 39, 2, 1, 90, -0.11808017231355432]
[58, 54, 0, 0, 90, 0.08305936923928836]
[56, 32, 2, 1, 90, 0.12351789441449104]
[16, 5, 1, 0, 90, 0.1320955969540481]
[54, 31, 2, 0, 90, -0.14690093987688077]
[16, 59, 1, 1, 90, 0.05878354745484241]
[57, 50, 0, 1, 90, -0.08830699923614395]
[24, 62, 2, 2, 90, 0.23149973090108242]
[53, 12, 1, 1, 90, -0.081066166735467]
[14, 55, 2, 1, 90, -0.10974840359529157]
[38, 4, 2, 0, 90, -0.24783792263902168]
[3, 8, 2, 1, 90, -0.05072421106130443]
[6, 39, 0, 1, 90, 0.12952426308672363]
[60, 10, 0, 0, 90, -0.07685005125873345]
[3, 50, 0, 1, 90, -0.0917530423322929]
[42, 38, 2, 1, 90, 0.19220824061552444]
[15, 27, 2, 2, 90, -0.2632894866739708]
[1, 22, 2, 2, 90, 0.29470318728051315]
[19, 47, 2, 0, 90, 0.07699075185726093]
[35, 37, 0, 1, 90, 0.17600092877775383]
[50, 58, 0, 2, 90, -0.07368937830749626]
[24, 52, 2, 1, 90, 0.09385678766664537]
[18, 56, 0, 1, 90, -0.04804603731793585]
[18, 61, 1, 2, 90, 0.1988645029087897]
[58, 60, 2, 1, 90, 0.13592158087374193]
[1, 30, 1, 1, 90, 0.23354500393148098]
[51, 54, 0, 1, 180, 0.08627279332842067]
[14, 54, 0, 1, 180, 0.16003780805200343]
[62, 13, 1, 1, 180, -0.27341301590619593]
[40, 10, 1, 2, 180, -0.16623373147269868]
[28, 22, 1, 1, 180, -0.0751812911739039]
[61, 36, 0, 2, 180, 0.01868223716688136]
[2, 39, 1, 2, 180, 0.13361703782958875]
[48, 0, 0, 2, 180, -0.19781146019789134]
[43, 51, 2, 0, 180, -0.1373811010853338]
[13, 29, 2, 2, 180, 0.0932545593493356]
[52, 59, 2, 1, 180, -0.1534524869884267]
[12, 32, 2, 0, 180, 0.09967801841559014]
[18, 31, 2, 0, 180, 0.06032614618683786]
[13, 40, 0, 1, 180, 0.13681522170766708]
[31, 1, 1, 2, 180, -0.12389785746042811]
[17, 6, 2, 0, 180, 0.04273842390040077]
[43, 57, 1, 2, 180, 0.21813776961935968]
[52, 5, 0, 1, 180, -0.16120694912350075]
[1, 34, 2, 0, 180, 0.1190521897984529]
[4, 36, 2, 2, 180, 0.1385584514712646]
[10, 56, 1, 2, 180, 0.3037359045565289]
[33, 46, 1, 2, 180, 0.17278348326354764]
[57, 10, 2, 2, 180, -0.3119600448041429]
[35, 47, 1, 1, 180, 0.05237181813836713]
[10, 37, 1, 1, 180, 0.1304757321323937]
[42, 19, 1, 2, 180, -0.13356588370859102]
[9, 2, 0, 1, 180, -0.07238297992444899]
[43, 32, 0, 1, 180, -0.025433845907207483]
[33, 3, 0, 0, 180, -0.037744294795065345]
[4, 10, 2, 0, 180, 0.06753302530589944]
[16, 34, 1, 2, 180, 0.16733659129729067]
[39, 47, 0, 2, 180, 0.1592860219886543]
[29, 59, 1, 2, 180, 0.35955241416396627]
[3, 7, 0, 1, 180, -0.10142894027102228]
[55, 13, 0, 0, 180, -0.16987519405437995]
[13, 2, 1, 1, 180, 0.013441057218305588]
[8, 31, 2, 2, 180, 0.11723101845351805]
[30, 10, 2, 2, 180, -0.11044969491111689]
[36, 0, 2, 0, 180, -0.1037084147964618]
[24, 9, 1, 2, 180, -0.12039187119429112]
[28, 9, 0, 2, 180, -0.0937401175232166]
[54, 12, 2, 1, 180, -0.288373490680276]
[47, 28, 2, 2, 180, -0.14864404516369542]
[39, 21, 0, 2, 180, -0.09005154798116313]
[44, 22, 0, 2, 180, -0.13359305996138604]
[8, 34, 1, 2, 180, 0.16633117491845129]
[0, 59, 0, 2, 180, 0.2874677408060042]
[52, 2, 2, 0, 180, -0.2828688623886902]
[59, 9, 2, 2, 180, -0.35475674276991104]
[22, 19, 1, 2, 180, 0.005130112648644573]
[19, 32, 0, 1, 180, 0.08915375111605572]
[47, 31, 0, 2, 180, -0.08889776221298898]
[59, 24, 0, 2, 180, -0.10096140658874113]
[6, 4, 1, 2, 180, -0.06613182816944184]
[1, 6, 1, 1, 180, -0.017065257098996027]
[59, 55, 1, 0, 180, -0.1298895921155806]
[57, 21, 1, 2, 180, -0.18024342161086018]
[44, 32, 1, 2, 180, -0.030342748349600282]
[60, 4, 0, 1, 180, -0.1503951508900311]
[0, 32, 2, 0, 180, 0.13604218276945698]
[41, 58, 0, 2, 180, 0.30791990773342304]
[36, 40, 2, 2, 180, 0.07171349011478305]
[25, 36, 1, 0, 180, 0.05687270146070951]
[41, 37, 1, 2, 180, 0.013867531138226861]
[13, 10, 0, 2, 180, -0.07197347114557562]
[33, 58, 0, 1, 180, 0.18165312297508515]
[25, 45, 1, 2, 180, 0.2359641363352773]
[37, 19, 0, 0, 180, -0.07912169368027334]
[46, 3, 0, 1, 180, -0.10671448334331261]
[61, 37, 0, 0, 180, -0.14336431602451388]
[0, 28, 0, 2, 180, 0.025783163395330416]
[55, 48, 1, 2, 180, 0.13757558823363272]
[39, 62, 2, 0, 180, 0.0275290560123582]
[59, 18, 2, 0, 180, -0.3830749617105224]
[58, 43, 1, 1, 180, -0.10381968238912224]
[0, 54, 0, 0, 180, 0.07792604493833612]
[54, 22, 1, 1, 180, -0.2439989649279296]
[42, 50, 1, 2, 180, 0.2633277745492585]
[32, 7, 1, 2, 180, -0.1703192262464107]
[28, 32, 0, 2, 180, 0.10433259711929234]
[0, 22, 0, 0, 180, -0.05023098771082918]
[34, 43, 2, 1, 180, 0.026112734135168]
[6, 8, 0, 1, 180, -0.07136727403110646]
[16, 28, 1, 1, 180, 0.0656784554700963]
[61, 32, 2, 2, 180, -0.21892876488973018]
[13, 19, 2, 2, 180, 0.07918691006063715]
[14, 27, 1, 2, 180, 0.12558214123296926]
[35, 15, 2, 2, 180, -0.2258491515736862]
[27, 1, 1, 2, 180, -0.12972279364857964]
[35, 30, 0, 1, 180, -0.05772118231918276]
[7, 58, 0, 2, 180, 0.2693692507319868]
[3, 25, 1, 0, 180, 0.020704536797929086]
[7, 58, 2, 1, 180, 0.25793853195777705]
[32, 56, 1, 1, 180, 0.19884414083767177]
[47, 32, 1, 1, 180, -0.07037140771537533]
[21, 14, 1, 1, 180, -0.023268549423610313]
[0, 14, 1, 2, 180, -0.06546026032395152]
[16, 1, 2, 0, 180, 0.06248732157739991]
[12, 37, 2, 0, 180, 0.06810693153990652]
[10, 34, 0, 0, 180, 0.03455937236637966]
[5, 36, 0, 2, 180, 0.14397411050874012]
[14, 11, 0, 1, 180, -0.04475175808888283]
[59, 29, 0, 2, 180, -0.09145367768984207]
[19, 38, 2, 0, 180, 0.05919289123896045]
[60, 24, 1, 1, 180, -0.22712392227009834]
[30, 16, 2, 0, 180, -0.016269725867983427]
[52, 25, 1, 2, 180, -0.15318338712455792]
[55, 0, 0, 2, 180, -0.20560607049791516]
[17, 8, 1, 2, 180, -0.11542520130540919]
[16, 17, 1, 1, 180, -0.07289504952128381]
[40, 23, 0, 0, 180, -0.1020929158176213]
[1, 19, 1, 1, 180, 0.01848334884213346]
[20, 43, 2, 1, 180, 0.1356486951575258]
[17, 45, 0, 2, 180, 0.22922806135856424]
[49, 40, 0, 2, 180, 0.06571916508813862]
[41, 19, 1, 0, 180, -0.15343267301266136]
[15, 32, 2, 0, 180, 0.15757991976640864]
[22, 35, 0, 0, 180, 0.0697238166183969]
[47, 10, 1, 2, 180, -0.16122957459672643]
[4, 23, 1, 0, 180, 0.039908507972818266]
[12, 51, 2, 0, 180, 0.1270287189673427]
[41, 20, 1, 2, 270, -0.12711387940963156]
[62, 21, 1, 1, 270, 0.042082174588832094]
[21, 56, 0, 2, 270, 0.2850809788581392]
[25, 48, 0, 0, 270, 0.0042155674934462916]
[5, 36, 1, 2, 270, 0.10044606518059788]
[31, 4, 1, 2, 270, 0.03902462846042241]
[52, 2, 2, 0, 270, 0.07871102910472033]
[61, 21, 1, 0, 270, 0.02351230446428613]
[41, 22, 2, 1, 270, -0.32699801510225396]
[45, 9, 0, 2, 270, 0.2653682214973822]
[54, 60, 2, 1, 270, 0.11166417907013382]
[12, 25, 2, 1, 270, 0.1484992695445649]
[7, 36, 1, 2, 270, 0.10448616844855174]
[13, 3, 0, 2, 270, 0.11770884351907893]
[23, 3, 1, 1, 270, 0.10462864613675042]
[56, 62, 0, 1, 270, -0.2294400220135367]
[8, 18, 2, 1, 270, -0.2381898598662204]
[24, 26, 1, 1, 270, -0.15671899561832722]
[17, 61, 0, 2, 270, -0.14482411170797976]
[46, 54, 1, 2, 270, -0.1180805253102314]
[6, 2, 0, 0, 270, 0.07024828223111688]
[7, 61, 2, 1, 270, 0.11301687817886939]
[29, 26, 1, 0, 270, 0.09856695438520939]
[1, 17, 1, 0, 270, -0.11574383179735043]
[4, 10, 1, 0, 270, 0.10550361519475167]
[58, 13, 2, 2, 270, -0.19891213224428947]
[55, 25, 2, 1, 270, 0.23764269195298107]
[57, 24, 2, 0, 270, -0.1339996289930646]
[1, 8, 0, 0, 270, -0.046604802103294485]
[24, 29, 0, 2, 270, -0.12677045168504064]
[0, 19, 0, 0, 270, -0.1436417615829436]
[9, 2, 0, 2, 270, 0.06430784975044235]
[28, 40, 1, 1, 270, 0.2032809344959439]
[55, 32, 0, 1, 270, 0.19647865922211957]
[45, 27, 2, 0, 270, 0.07652264226796252]
[53, 2, 2, 0, 270, 0.14518703967745092]
[28, 20, 2, 0, 270, -0.07645864658717873]
[26, 58, 1, 2, 270, 0.08091188215937702]
[3, 29, 1, 2, 270, -0.07565160680967298]
[36, 19, 1, 0, 270, 0.021142101692742724]
[36, 43, 1, 2, 270, 0.1563067981714373]
[27, 3, 2, 0, 270, -0.09707505807263514]
[27, 29, 2, 1, 270, -0.19520905559022542]
[19, 17, 1, 2, 270, 0.27684370543549347]
[53, 35, 0, 1, 270, 0.11630625904054173]
[28, 58, 2, 1, 270, 0.06604692905685153]
[23, 51, 0, 1, 270, 0.05306971650107703]
[41, 24, 1, 2, 270, 0.2767362363324466]
[20, 3, 0, 2, 270, 0.10292720783859434]
[36, 11, 2, 1, 270, 0.014162414851755152]
[7, 6, 2, 2, 270, -0.07453898006148288]
[23, 41, 2, 1, 270, 0.20149617733751177]
[31, 20, 2, 1, 270, 0.04990224555030706]
[39, 49, 1, 2, 270, 0.26543333355687854]
[4, 19, 0, 0, 270, 0.00022819588730726994]
[30, 17, 1, 2, 270, 0.30341431466443597]
[28, 6, 0, 0, 270, 0.0075251112550604165]
[62, 5, 2, 1, 270, 0.09628808480116059]
[11, 28, 0, 2, 270, -0.0012731909389538773]
[7, 52, 1, 0, 270, 0.07110683166851459]
[38, 8, 0, 2, 270, 0.28512427945878804]
[43, 15, 0, 2, 270, -0.13739620665072325]
[49, 2, 1, 2, 270, 0.029152153490298163]
[21, 4, 2, 0, 270, 0.05611834299071602]
[59, 26, 1, 2, 270, 0.19529894950635548]
[36, 10, 1, 2, 270, 0.1932632914148917]
[17, 30, 0, 1, 270, -0.13668570730438587]
[44, 62, 0, 2, 270, -0.11869817559925883]
[15, 26, 2, 0, 270, 0.15041955283492903]
[61, 21, 0, 0, 270, -0.02667420477168666]
[2, 38, 0, 0, 270, -0.11638524106242525]
[36, 38, 2, 1, 270, -0.10507089950251478]
[43, 54, 2, 2, 270, -0.20256208982150883]
[55, 19, 2, 0, 270, 0.1312786588834444]
[46, 42, 2, 1, 270, 0.1663063408986131]
[42, 44, 1, 0, 270, -0.1556564946822657]
[0, 56, 0, 1, 270, 0.07889665622729083]
[18, 40, 2, 1, 270, -0.03973871137928229]
[14, 17, 2, 2, 270, 0.29931537317027107]
[44, 56, 1, 1, 270, 0.22607221648927536]
[50, 20, 0, 2, 270, -0.04912823129207093]
[18, 29, 1, 2, 270, -0.13506748203770555]
[32, 56, 1, 1, 270, -0.022468478507443306]
[28, 29, 2, 1, 270, -0.11387392327557448]
[38, 22, 1, 2, 270, -0.0816400305417113]
[55, 2, 2, 1, 270, 0.18128595971910363]
[46, 32, 2, 1, 270, 0.23580056046619385]
[27, 3, 0, 0, 270, 0.024787883133342667]
[41, 61, 2, 0, 270, -0.2721393055130629]
[39, 2, 1, 1, 270, 0.14163786328258482]
[23, 21, 0, 2, 270, -0.03817744937910221]
[59, 1, 2, 0, 270, 0.022677135681221275]
[10, 62, 0, 1, 270, -0.14733149829737224]
[29, 10, 0, 2, 270, 0.20655393808036468]
[40, 9, 2, 1, 270, -0.24369290987912806]
[18, 31, 1, 1, 270, -0.1519383791858808]
[8, 23, 2, 1, 270, -0.3154760149720221]
[61, 31, 0, 2, 270, -0.08000256290620952]
[39, 30, 2, 0, 270, 0.0566885270352325]
[17, 50, 2, 1, 270, -0.23029461286242014]
[61, 6, 2, 0, 270, 0.06585571126821183]
[50, 41, 2, 1, 270, -0.031407782481588285]
[30, 38, 1, 1, 270, -0.015764718381761283]
[24, 37, 1, 0, 270, -0.26272924490220834]
[6, 25, 0, 2, 270, 0.26619519575358364]
[9, 57, 2, 2, 270, -0.016296662913934654]
[14, 20, 2, 2, 270, 0.11348209575095657]
[29, 42, 2, 2, 270, 0.21321759185276026]
[28, 18, 1, 1, 270, 0.14396025889465872]
[61, 15, 2, 0, 270, 0.06030957609410672]
[56, 39, 2, 2, 270, -0.2914695491615353]
[52, 30, 0, 0, 270, -0.01933489123000987]
[24, 37, 2, 0, 270, -0.3728900014555501]
[40, 28, 1, 2, 270, -0.14231528974855467]
[56, 44, 2, 1, 270, -0.28650887178148216]
[13, 29, 1, 1, 270, 0.0003188339893964253]
[0, 16, 1, 0, 270, -0.1387757833189603]
[46, 3, 0, 0, 270, 0.085935583574311]
[3, 39, 2, 2, 270, -0.13698490529389942]
[29, 49, 1, 0, 270, 0.1208250300399638]
[29, 31, 2, 1, 270, -0.0002735479232996777]
